3 VI PL PA ME
318 426 79 796
191 161 939 803
465 519 383 159
2 VI PL ME PA
684 703 929 99
559 23 391 155
4 ME PL VI PA
419 808 962 544
603 53 152 48
159 450 452 928
996 633 635 848
1 VI ME PL PA
499 791 178 391
7 VI PA PL ME
893 507 103 824
549 711 390 901
682 491 747 974
175 940 89 122
427 322 148 567
71 825 709 485
44 182 687 756
9 PL PA VI ME
756 750 455 677
260 262 66 285
660 752 419 857
47 538 993 926
499 552 295 487
387 742 700 486
508 854 197 178
535 241 537 805
370 354 969 884
1 PL PA VI ME
427 794 890 288
1 ME VI PA PL
361 113 171 592
6 PA PL VI ME
677 371 734 671
814 948 926 990
351 696 87 26
563 460 807 215
105 926 23 59
899 473 924 370
0